4.720000000000000000e+02,5.300000000000000000e+01
1.300000000000000000e+02,3.630000000000000000e+02
