3.280000000000000000e+02,4.600000000000000000e+01
7.200000000000000000e+01,3.320000000000000000e+02
