2.580000000000000000e+02,2.460000000000000000e+02
2.860000000000000000e+02,2.460000000000000000e+02
