1.820000000000000000e+02,1.400000000000000000e+01
2.700000000000000000e+01,1.530000000000000000e+02
