3.290000000000000000e+02,4.500000000000000000e+01
5.800000000000000000e+01,3.290000000000000000e+02
