3.070000000000000000e+02,1.570000000000000000e+02
1.540000000000000000e+02,3.490000000000000000e+02
