9.410000000000000000e+02,7.300000000000000000e+01
3.600000000000000000e+01,9.190000000000000000e+02
