1.980000000000000000e+02,1.270000000000000000e+02
1.240000000000000000e+02,1.960000000000000000e+02
